[gd_scene load_steps=9 format=2]

[ext_resource path="res://Track_v01.tscn" type="PackedScene" id=1]
[ext_resource path="res://Player.tscn" type="PackedScene" id=2]
[ext_resource path="res://World_Test2.gd" type="Script" id=3]

[sub_resource type="CubeMesh" id=1]
size = Vector3( 50, 12.615, 50 )

[sub_resource type="ConcavePolygonShape" id=2]
data = PoolVector3Array( -25, 6.3075, 25, 25, 6.3075, 25, -25, -6.3075, 25, 25, 6.3075, 25, 25, -6.3075, 25, -25, -6.3075, 25, 25, 6.3075, -25, -25, 6.3075, -25, 25, -6.3075, -25, -25, 6.3075, -25, -25, -6.3075, -25, 25, -6.3075, -25, 25, 6.3075, 25, 25, 6.3075, -25, 25, -6.3075, 25, 25, 6.3075, -25, 25, -6.3075, -25, 25, -6.3075, 25, -25, 6.3075, -25, -25, 6.3075, 25, -25, -6.3075, -25, -25, 6.3075, 25, -25, -6.3075, 25, -25, -6.3075, -25, 25, 6.3075, 25, -25, 6.3075, 25, 25, 6.3075, -25, -25, 6.3075, 25, -25, 6.3075, -25, 25, 6.3075, -25, -25, -6.3075, 25, 25, -6.3075, 25, -25, -6.3075, -25, 25, -6.3075, 25, 25, -6.3075, -25, -25, -6.3075, -25 )

[sub_resource type="ConcavePolygonShape" id=3]
data = PoolVector3Array( -25, 6.3075, 25, 25, 6.3075, 25, -25, -6.3075, 25, 25, 6.3075, 25, 25, -6.3075, 25, -25, -6.3075, 25, 25, 6.3075, -25, -25, 6.3075, -25, 25, -6.3075, -25, -25, 6.3075, -25, -25, -6.3075, -25, 25, -6.3075, -25, 25, 6.3075, 25, 25, 6.3075, -25, 25, -6.3075, 25, 25, 6.3075, -25, 25, -6.3075, -25, 25, -6.3075, 25, -25, 6.3075, -25, -25, 6.3075, 25, -25, -6.3075, -25, -25, 6.3075, 25, -25, -6.3075, 25, -25, -6.3075, -25, 25, 6.3075, 25, -25, 6.3075, 25, 25, 6.3075, -25, -25, 6.3075, 25, -25, 6.3075, -25, 25, 6.3075, -25, -25, -6.3075, 25, 25, -6.3075, 25, -25, -6.3075, -25, 25, -6.3075, 25, 25, -6.3075, -25, -25, -6.3075, -25 )

[sub_resource type="ProceduralSky" id=4]

[sub_resource type="Environment" id=5]
background_mode = 2
background_sky = SubResource( 4 )

[node name="World" type="Spatial"]
script = ExtResource( 3 )

[node name="Track_v01" parent="." instance=ExtResource( 1 )]

[node name="MeshInstance" type="MeshInstance" parent="."]
transform = Transform( 1, 0, 0, 0, 0.965926, -0.258819, 0, 0.258819, 0.965926, -125, 0.39, 22.484 )
mesh = SubResource( 1 )
material/0 = null

[node name="StaticBody" type="StaticBody" parent="MeshInstance"]

[node name="CollisionShape" type="CollisionShape" parent="MeshInstance/StaticBody"]
shape = SubResource( 2 )

[node name="MeshInstance2" type="MeshInstance" parent="."]
transform = Transform( -1, -8.43339e-08, -3.14739e-07, 0, 0.965926, -0.258819, 3.25841e-07, -0.258819, -0.965926, -125, 0.39, -22.484 )
mesh = SubResource( 1 )
material/0 = null

[node name="StaticBody" type="StaticBody" parent="MeshInstance2"]

[node name="CollisionShape" type="CollisionShape" parent="MeshInstance2/StaticBody"]
shape = SubResource( 3 )

[node name="MeshInstance4" type="MeshInstance" parent="."]
transform = Transform( 1, 0, 0, 0, 0.965926, -0.258819, 0, 0.258819, 0.965926, 125, 0.39, 22.484 )
mesh = SubResource( 1 )
material/0 = null

[node name="StaticBody" type="StaticBody" parent="MeshInstance4"]

[node name="CollisionShape" type="CollisionShape" parent="MeshInstance4/StaticBody"]
shape = SubResource( 2 )

[node name="MeshInstance3" type="MeshInstance" parent="."]
transform = Transform( -1, -8.43339e-08, -3.14739e-07, 0, 0.965926, -0.258819, 3.25841e-07, -0.258819, -0.965926, 125, 0.39, -22.484 )
mesh = SubResource( 1 )
material/0 = null

[node name="StaticBody" type="StaticBody" parent="MeshInstance3"]

[node name="CollisionShape" type="CollisionShape" parent="MeshInstance3/StaticBody"]
shape = SubResource( 3 )

[node name="Player" parent="." instance=ExtResource( 2 )]
transform = Transform( 1, 0, 0, 0, 1, 0, 0, 0, 1, -165.43, 4, -23.05 )

[node name="WorldEnvironment" type="WorldEnvironment" parent="."]
environment = SubResource( 5 )

[node name="DirectionalLight" type="DirectionalLight" parent="WorldEnvironment"]
transform = Transform( 1, 0, 0, 0, 0.420719, 0.907191, 0, -0.907191, 0.420719, 0, 200.025, 0 )
light_color = Color( 0.666667, 0.823529, 0.890196, 1 )
light_energy = 0.25
shadow_enabled = true

[node name="Camera" type="Camera" parent="."]
transform = Transform( 0.186833, 0.255752, -0.948517, 0, 0.965518, 0.260336, 0.982392, -0.0486392, 0.18039, -199.03, 8.99844, -29.2921 )
far = 1e+06
